0 5 1.6094379124341003 1.6094379124340874
1 20 2.995732273553991 1.9634646982039663
2 100 4.605170185988092 2.8415536055894024
3 1200 7.090076835776092 3.6107213410205
4 5600 8.630521876723241 3.7926385543815377
5 80000 11.289781913656018 4.9267121159495995
6 456000 13.030248088496522 5.257142313529055
7 5856000 15.582977334623285 6.331298488461703
8 41280000 17.53588867913758 6.626142870784735
9 469760000 19.96773248395037 8.316448354227308
10 3846400000 22.070403482865107 8.474422450318311
11 40729600000 24.430220937787578 9.365455453384227
12 364288000000 26.62121060053369 10.500237417130396
13 3739852800000 28.950067368291663 11.315382326973175
14 35104000000000 31.18933620002137 12.23878665687297
15 357198848000000 33.50931373984171 12.63303787230346
16 3445696512000000 35.775902459492094 13.342434197437713
17 35059752960000000 38.095830228172446 15.43163107235683
18 344207646720000000 40.38002149436233 15.351667829074565
19 3510846914560000000 42.70238896846519 16.730146383436097
20 34919653376000000000 44.99958147858357 17.846410691113867
21 357157247385600000000 47.32470782756175 18.99447623272033
22 3589246605721600000000 49.63222927422117 19.611929662702284
23 36808200224768000000000 51.96000760542122 20.827428164983555
24 373010165006336000000000 54.27589262417516 21.830020986648673
25 3835166266490880000000000 56.60625502075369 21.846245453766198
26 39129202318376960000000000 58.92891128244809 23.661718873962705
27 403347020395315200000000000 61.26183951606842 24.65275581473727
28 4137898446809989120000000000 63.589985548249544 26.45122019727893
29 42761974318104576000000000000 65.92544676800934 26.71598664004796
30 440665486270083891200000000000 68.25808356391823 29.022390704917086
31 4565127368367983820800000000000 70.59599920454545 29.09789776725917
32 47219731039428542464000000000000 72.93236462555885 30.50970406818236
33 490321254809860046848000000000000 75.27261358816072 31.147125833095043
34 5087670680922603126784000000000000 77.61212816808516 32.427500969185964
35 52945102659328252313600000000000000 79.95456364666465 34.21151492100743
36 550856119338655379619840000000000000 82.29678171742985 34.59818991135684
37 5744163469904166141296640000000000000 84.64124763837177 35.58954413443607
38 59904787516280905347891200000000000000 86.98581977485979 37.79113331712299
39 625842430483806346962534400000000000000 89.33216197870952 37.929978713974236
40 6540344632472443182645248000000000000000 91.6788084869452 39.771866103626074
41 68447168807152586686726144000000000000000 94.02688081617353 40.271314495789476
42 716626627448371990799319040000000000000000 96.37537358898398 41.53870435385135
43 7511736334295886659353313280000000000000000 98.7250405477715 43.175017313256944
44 78776651954203810471922892800000000000000000 101.0751905637123 45.38170748545186
45 826958209422410422085169971200000000000000000 103.42632806675485 44.72385610584613
46 8685433926253515593631976652800000000000000000 105.77797654590051 46.748923843978424
47 91299246727176872532971094016000000000000000000 108.13047172177514 47.57969647809457
48 960212386510521716139316215808000000000000000000 110.48348368067333 47.60318587549203
49 10106206901291247814004057309184000000000000000000 112.83723424348845 49.263879050778286
50 106421670235653140895763320012800000000000000000000 115.19149368751262 50.13652544319383